Merge Sort Times
2.18E-05
1.52E-05
1.36E-05
1.45E-05
1.15E-05
2.59E-05
2.91E-05
2.97E-05
2.95E-05
2.85E-05
5.22E-05
4.67E-05
4.64E-05
4.83E-05
4.50E-05
5.90E-05
7.28E-05
7.19E-05
6.78E-05
6.42E-05
7.78E-05
8.31E-05
7.89E-05
5.10E-05
5.14E-05
6.16E-05
6.23E-05
6.03E-05
0.0001584
0.0001031
0.0001126
0.0001078
0.0001056
0.0001097
0.0001162
0.0001637
0.0001725
0.0001925
0.0002044
0.0001663
0.0002494
0.0002646
0.0002751
0.0002649
0.000248
0.0002274
0.0002366
0.0002304
0.0002298
0.0002805
0.0015372
0.0019641
0.0015338
0.0014669
0.0016291
0.0037
0.0032072
0.0040292
0.0039667
0.0032067
0.0239069
0.0272422
0.0243298
0.0223726
0.0274828


Insertion Sort Times
8.80E-06
4.20E-06
4.00E-06
3.60E-06
4.40E-06
7.20E-06
9.00E-06
7.10E-06
1.06E-05
8.30E-06
1.43E-05
1.21E-05
1.22E-05
1.29E-05
1.51E-05
2.08E-05
1.87E-05
2.20E-05
2.05E-05
2.27E-05
2.59E-05
3.31E-05
3.28E-05
2.74E-05
3.63E-05
3.84E-05
4.10E-05
3.62E-05
4.05E-05
4.50E-05
5.32E-05
5.84E-05
5.90E-05
8.45E-05
6.10E-05
8.15E-05
9.60E-05
0.0001194
0.0001131
0.0001011
0.0002356
0.0002296
0.0002356
0.0002851
0.0002572
0.000457
0.0003771
0.0004798
0.0004564
0.0004851
0.0114298
0.0180769
0.0143407
0.0142811
0.0129019
0.0491919
0.040759
0.0422134
0.0604776
0.0683894
1.582217
1.3628045
1.1048924
1.0883686
1.2207718

